49,35
9,6
8,13
8,14
8,18
8,10
47,5
47,4
47,3
47,2
47,1
47,0
46,5
46,4
46,3
46,2
46,1
46,0
45,11
45,10
45,9
45,8
45,7
45,6
45,5
45,4
45,3
45,2
45,1
45,0
44,7
44,6
44,5
44,4
44,3
44,2
44,1
44,0
43,4
43,3
43,2
43,1
43,0
42,8
42,7
42,6
42,5
42,4
42,3
42,2
42,1
42,0
35,23
35,22
35,21
35,20
35,19
35,18
35,17
35,16
35,15
35,14
35,13
35,12
35,11
18,1
35,1
34,9
34,8
18,3
34,7
34,6
34,1
33,255
33,254
33,253
33,252
33,251
33,250
33,249
33,248
33,247
33,246
33,245
14,1
33,244
33,243
33,242
33,241
33,240
33,239
14,4
33,238
33,237
33,236
33,235
33,234
33,233
33,232
33,231
33,230
33,229
33,228
14,3
33,227
33,226
33,225
33,224
33,223
33,222
33,221
33,220
13,1
33,219
33,218
33,217
33,216
33,215
13,3
33,214
33,213
33,212
33,211
33,210
33,209
33,208
33,207
33,206
33,205
33,204
33,203
33,202
33,201
33,200
33,199
33,198
33,197
33,196
33,195
33,194
33,193
33,1
33,192
33,191
